0 32
1 992
3 14880
7 4960
11 138880
15 138880
30 34720
31 104160
63 34720
127 4960
139 833280
143 1666560
158 833280
159 2499840
191 833280
255 119040
414 416640
415 416640
427 277760
428 166656
429 1666560
431 2499840
446 2499840
447 2499840
510 416640
511 416640
955 2499840
959 1666560
1016 119040
1017 833280
1019 2499840
1023 833280
2040 4960
2041 34720
2043 104160
2047 34720
3007 166656
3038 277760
3039 1666560
3071 833280
4091 138880
4095 138880
8190 4960
8191 14880
16383 992
32767 32
32907 2666496
32911 8888320
32926 6666240
32927 19998720
32959 6666240
33023 952320
33182 6666240
33183 6666240
33195 4444160
33196 2666496
33197 26664960
33199 39997440
33214 39997440
33215 39997440
33278 6666240
33279 6666240
33723 39997440
33727 26664960
33784 952320
33785 6666240
33787 19998720
33791 6666240
35775 2666496
35806 4444160
35807 8888320
35839 2666496
98718 416640
98719 416640
98730 2222080
98731 6666240
98732 6666240
98733 6666240
98734 19998720
98735 19998720
98750 4999680
98751 4999680
98814 416640
98815 416640
98992 444416
98993 6666240
98995 19998720
98999 6666240
99000 4444160
99001 26664960
99003 39997440
99004 39997440
99005 79994880
99007 39997440
99064 4999680
99065 9999360
99067 4999680
99068 4999680
99069 9999360
99071 4999680
99258 39997440
99259 79994880
99262 19998720
99263 19998720
101035 2222080
101036 13332480
101037 39997440
101038 13332480
101039 39997440
101046 79994880
101047 79994880
101055 39997440
101076 6666240
101077 2222080
101078 39997440
101079 13332480
101086 39997440
101087 26664960
101119 4444160
101310 6666240
101311 6666240
101342 6666240
101343 2222080
101356 6666240
101357 19998720
109227 317440
109228 2222080
109229 6666240
109230 2222080
109231 6666240
109236 6666240
109237 2222080
109238 39997440
109239 13332480
109268 317440
109270 2222080
109375 6666240
109439 444416
231838 4999680
231839 4999680
231851 31997952
231852 26664960
231853 79994880
231855 53329920
231870 39997440
231871 19998720
231906 19998720
231907 39997440
231914 53329920
231915 79994880
235934 833280
235935 833280
235947 19998720
235948 19998720
236000 833280
236001 833280
236008 4999680
236009 4999680
236209 26664960
236211 26664960
236215 26664960
236220 31997952
498078 27776
498079 27776
498090 1666560
498091 1666560
498092 1666560
498093 1666560
498144 27776
498145 27776
498352 1666560
498353 4999680
498355 4999680
498359 1666560
757163 5332992
757164 5332992
